[APP]
ForceFullscreen=0
ForceVsync=0
ForceWindowed=0

[GENERAL]
EffectSearchPaths=C:\Genshin-Impact-ReShade\Data\- Shaders\Effects
PreprocessorDefinitions=RESHADE_DEPTH_LINEARIZATION_FAR_PLANE=1000.0,RESHADE_DEPTH_INPUT_IS_UPSIDE_DOWN=0,RESHADE_DEPTH_INPUT_IS_REVERSED=0,RESHADE_DEPTH_INPUT_IS_LOGARITHMIC=0
PresetPath=C:\Genshin-Impact-ReShade\Data\- Presets\1. Default preset by Sefinek (Recommended).ini
TextureSearchPaths=C:\Genshin-Impact-ReShade\Data\- Shaders\Textures
PresetTransitionDuration=500

[INPUT]
GamepadNavigation=1
InputProcessing=2
KeyOverlay=36,0,0,0

[OVERLAY]
ShowFPS=1

[SCREENSHOT]
ClearAlpha=1
FileFormat=1
FileNaming=%AppName% %Date% %Time%
JPEGQuality=100
PostSaveCommand=
PostSaveCommandArguments="%TargetPath%"
PostSaveCommandNoWindow=0
PostSaveCommandWorkingDirectory=.\
SaveBeforeShot=0
SaveOverlayShot=0
SavePath=C:\Genshin-Impact-ReShade\Screenshots
SavePresetFile=0

[STYLE]
Alpha=1.000000
Border=0.469613,0.469613,0.469613,0.301961
BorderShadow=0.000000,0.000000,0.000000,0.000000
Button=0.082353,0.286275,0.662745,0.801105
ButtonActive=0.078984,0.353647,0.848039,1.000000
ButtonHovered=0.078984,0.353647,0.848039,0.860000
CheckMark=0.078984,0.353647,0.848039,0.800000
ChildBg=0.122549,0.111135,0.111135,0.000000
ChildRounding=9.000000
ColFPSText=0.776471,0.917647,0.227451,1.000000
DockingEmptyBg=0.077348,0.066665,0.066665,1.000000
DockingPreview=0.078984,0.353647,0.848039,0.532000
DragDropTarget=1.000000,1.000000,0.000000,0.900000
EditorFont=ProggyClean.ttf
EditorFontSize=13
EditorStyleIndex=0
Font=ProggyClean.ttf
FontSize=13
FPSScale=1.000000
FrameBg=0.127072,0.113031,0.113031,1.000000
FrameBgActive=0.078431,0.352941,0.847059,1.000000
FrameBgHovered=0.078984,0.353647,0.848039,0.680000
FrameRounding=9.000000
GrabRounding=9.000000
Header=0.078431,0.352941,0.847059,0.760784
HeaderActive=0.078984,0.353647,0.848039,1.000000
HeaderHovered=0.078984,0.353647,0.848039,0.860000
MenuBarBg=0.121569,0.109804,0.109804,0.568627
ModalWindowDimBg=0.800000,0.800000,0.800000,0.350000
NavHighlight=0.258824,0.588235,0.980392,1.000000
NavWindowingDimBg=0.800000,0.800000,0.800000,0.200000
NavWindowingHighlight=1.000000,1.000000,1.000000,0.700000
PlotHistogram=0.862745,0.862745,0.862745,0.630000
PlotHistogramHovered=0.078984,0.353647,0.848039,1.000000
PlotLines=0.862745,0.862745,0.862745,0.630000
PlotLinesHovered=0.078984,0.353647,0.848039,1.000000
PopupBg=0.050980,0.043137,0.043137,1.000000
PopupRounding=9.000000
ResizeGrip=0.078431,0.352941,0.847059,0.200000
ResizeGripActive=0.078984,0.353647,0.848039,1.000000
ResizeGripHovered=0.078431,0.352941,0.847059,0.780392
ScrollbarBg=0.122549,0.111135,0.111135,1.000000
ScrollbarGrab=0.154696,0.456591,1.000000,0.392157
ScrollbarGrabActive=0.078984,0.353647,0.848039,1.000000
ScrollbarGrabHovered=0.078984,0.353647,0.848039,0.780000
ScrollbarRounding=9.000000
Separator=0.088398,0.081072,0.081072,1.000000
SeparatorActive=0.862745,0.862745,0.862745,1.000000
SeparatorHovered=0.862745,0.862745,0.862745,0.780000
SliderGrab=0.082353,0.286275,0.662745,1.000000
SliderGrabActive=0.078984,0.353647,0.848039,1.000000
StyleIndex=4
Tab=0.078431,0.352941,0.847059,0.439216
TabActive=0.058824,0.345098,0.866667,1.000000
TabHovered=0.192157,0.372549,1.000000,1.000000
TableBorderLight=0.230000,0.230000,0.250000,1.000000
TableBorderStrong=0.309804,0.309804,0.349020,1.000000
TableHeaderBg=0.188235,0.188235,0.200000,1.000000
TableRowBg=0.000000,0.000000,0.000000,0.000000
TableRowBgAlt=1.000000,1.000000,1.000000,0.060000
TabRounding=9.000000
TabUnfocused=0.078984,0.353647,0.848039,0.448000
TabUnfocusedActive=0.078984,0.353647,0.848039,0.780000
Text=0.795580,0.795580,0.795580,1.000000
TextDisabled=0.862745,0.862745,0.862745,0.497238
TextSelectedBg=0.078431,0.352941,0.847059,0.431373
TitleBg=0.078431,0.352941,0.847059,0.450980
TitleBgActive=0.078984,0.353647,0.848039,0.580000
TitleBgCollapsed=0.078984,0.353647,0.848039,0.350000
WindowBg=0.088398,0.079607,0.079607,1.000000
WindowRounding=9.000000